Phase_C
  5 10
  0.01275
  -93.7602  0  0  -0.230577  359.791  
  0.013
  -17.5582  0  0  -0.14974  323.347  
  0.01325
  60.3624  0  0  -0.0606917  356.194  
  0.0135
  132.375  0  0  0.0478224  434.056  
  0.01375
  191.43  0  0  0.120979  292.627  
  0.014
  231.748  0  0  0.215093  376.454  
  0.01425
  249.382  0  0  0.310977  383.536  
  0.0145
  242.606  0  0  0.367211  224.939  
  0.01475
  212.084  0  0  0.368532  5.2816  
  0.015
  160.803  0  0  0.320544  -191.951  
