Phase_A
  5 10
  0.01275
  -153.823  0  0  -0.0710358  -384.089  
  0.013
  -207.193  0  0  -0.154993  -335.827  
  0.01325
  -240.282  0  0  -0.241147  -344.616  
  0.0135
  -249.852  0  0  -0.34213  -403.933  
  0.01375
  -234.966  0  0  -0.370319  -112.758  
  0.014
  -197.082  0  0  -0.363828  25.9669  
  0.01425
  -139.907  0  0  -0.285301  314.107  
  0.0145
  -69.0375  0  0  -0.211976  293.301  
  0.01475
  8.58933  0  0  -0.116883  380.371  
  0.015
  85.3754  0  0  -0.0250055  367.51  
