Phase_B
  5 10
  0.01275
  247.583  0  0  0.359506  336.011  
  0.013
  224.751  0  0  0.370391  43.5423  
  0.01325
  179.919  0  0  0.34989  -82.003  
  0.0135
  117.477  0  0  0.251922  -391.873  
  0.01375
  43.5365  0  0  0.183873  -272.197  
  0.014
  -34.6658  0  0  0.0879822  -383.564  
  0.01425
  -109.475  0  0  -0.0131854  -404.67  
  0.0145
  -173.569  0  0  -0.0916611  -313.903  
  0.01475
  -220.673  0  0  -0.187166  -382.021  
  0.015
  -246.178  0  0  -0.275487  -353.282  
