Phase_A
  5 10
  0.01275
  -153.823  0  0  -0.0710287  -384.101  
  0.013
  -207.193  0  0  -0.154972  -335.774  
  0.01325
  -240.282  0  0  -0.241129  -344.626  
  0.0135
  -249.852  0  0  -0.342113  -403.937  
  0.01375
  -234.966  0  0  -0.370306  -112.771  
  0.014
  -197.082  0  0  -0.36382  25.9438  
  0.01425
  -139.907  0  0  -0.285302  314.072  
  0.0145
  -69.0375  0  0  -0.211975  293.308  
  0.01475
  8.58933  0  0  -0.11689  380.337  
  0.015
  85.3754  0  0  -0.0250157  367.499  
