Phase_B
  5 10
  0.01275
  247.583  0  0  0.359494  336.051  
  0.013
  224.751  0  0  0.370379  43.5376  
  0.01325
  179.919  0  0  0.349885  -81.9757  
  0.0135
  117.477  0  0  0.251924  -391.841  
  0.01375
  43.5365  0  0  0.183876  -272.193  
  0.014
  -34.6658  0  0  0.0879904  -383.543  
  0.01425
  -109.475  0  0  -0.013176  -404.666  
  0.0145
  -173.569  0  0  -0.091652  -313.904  
  0.01475
  -220.673  0  0  -0.187148  -381.986  
  0.015
  -246.178  0  0  -0.275465  -353.267  
