Phase_C
  5 10
  0.01275
  -93.7602  0  0  -0.230576  359.791  
  0.013
  -17.5582  0  0  -0.149748  323.313  
  0.01325
  60.3624  0  0  -0.0606988  356.197  
  0.0135
  132.375  0  0  0.0478126  434.046  
  0.01375
  191.43  0  0  0.120964  292.604  
  0.014
  231.748  0  0  0.215075  376.445  
  0.01425
  249.382  0  0  0.310957  383.529  
  0.0145
  242.606  0  0  0.367198  224.964  
  0.01475
  212.084  0  0  0.368523  5.29879  
  0.015
  160.803  0  0  0.320543  -191.919  
